1
1000 4000
1 2 883
1 3 907
3 4 330
2 5 965
2 6 200
6 7 639
7 8 797
3 9 153
2 10 918
10 11 703
2 12 215
5 13 604
9 14 348
6 15 73
14 16 381
5 17 581
11 18 968
3 19 859
6 20 346
17 21 819
11 22 774
14 23 49
7 24 733
19 25 781
4 26 13
19 27 53
18 28 68
2 29 368
28 30 466
2 31 796
19 32 766
26 33 112
2 34 570
26 35 385
12 36 500
29 37 814
35 38 15
26 39 549
6 40 417
11 41 104
33 42 166
25 43 363
24 44 167
5 45 354
12 46 525
5 47 834
11 48 232
19 49 378
39 50 622
14 51 70
40 52 319
1 53 100
8 54 748
48 55 788
16 56 332
13 57 948
20 58 402
55 59 85
5 60 44
60 61 908
36 62 942
15 63 213
45 64 392
64 65 328
22 66 706
9 67 840
18 68 282
41 69 64
18 70 294
5 71 548
59 72 449
33 73 476
22 74 808
26 75 125
5 76 353
22 77 126
58 78 479
18 79 821
54 80 634
30 81 590
15 82 899
24 83 421
55 84 75
83 85 564
27 86 42
55 87 347
42 88 608
41 89 695
7 90 89
63 91 325
35 92 558
60 93 441
30 94 494
55 95 613
51 96 115
85 97 172
96 98 339
17 99 548
26 100 432
13 101 488
37 102 224
100 103 966
98 104 363
38 105 953
11 106 185
20 107 599
60 108 82
2 109 485
50 110 359
31 111 57
97 112 6
39 113 841
80 114 528
52 115 464
91 116 853
57 117 786
57 118 843
75 119 910
75 120 117
24 121 364
34 122 494
100 123 750
59 124 60
60 125 154
46 126 686
90 127 247
15 128 145
57 129 390
43 130 182
97 131 985
69 132 862
25 133 113
3 134 228
26 135 264
54 136 590
109 137 353
124 138 648
4 139 662
100 140 691
109 141 128
5 142 731
136 143 421
86 144 168
12 145 254
136 146 721
67 147 385
64 148 364
95 149 289
136 150 225
6 151 994
112 152 238
140 153 901
115 154 155
18 155 594
27 156 83
44 157 575
120 158 802
113 159 43
98 160 160
59 161 672
98 162 890
141 163 817
17 164 908
131 165 902
25 166 715
82 167 950
10 168 596
100 169 839
76 170 118
157 171 949
67 172 861
101 173 15
16 174 521
98 175 986
9 176 61
107 177 266
24 178 68
68 179 909
8 180 893
144 181 463
129 182 60
180 183 562
91 184 968
3 185 112
127 186 540
91 187 287
1 188 938
131 189 768
122 190 417
157 191 844
153 192 765
176 193 781
84 194 898
75 195 162
103 196 206
98 197 401
35 198 390
196 199 979
162 200 69
45 201 796
151 202 506
26 203 66
66 204 90
160 205 608
118 206 941
115 207 338
127 208 267
144 209 244
45 210 866
169 211 310
64 212 736
84 213 42
60 214 378
65 215 189
204 216 818
82 217 761
169 218 421
173 219 472
98 220 15
161 221 370
166 222 885
159 223 367
83 224 532
28 225 318
149 226 73
157 227 822
48 228 691
225 229 288
54 230 590
30 231 870
29 232 166
208 233 84
177 234 811
104 235 802
169 236 637
194 237 487
66 238 585
177 239 27
159 240 169
106 241 867
15 242 678
126 243 404
81 244 258
89 245 143
209 246 873
82 247 257
101 248 349
62 249 979
74 250 602
32 251 691
10 252 306
195 253 114
245 254 736
98 255 361
186 256 839
206 257 499
168 258 270
92 259 238
237 260 299
183 261 377
70 262 99
99 263 916
85 264 31
216 265 961
105 266 380
7 267 226
117 268 534
241 269 931
174 270 834
113 271 527
5 272 873
43 273 542
250 274 634
55 275 672
136 276 866
14 277 162
256 278 387
263 279 414
64 280 677
168 281 405
157 282 83
14 283 96
76 284 971
104 285 239
258 286 24
253 287 830
108 288 497
45 289 393
61 290 857
89 291 120
231 292 819
263 293 689
122 294 64
71 295 330
207 296 535
8 297 151
3 298 366
240 299 588
56 300 331
29 301 847
88 302 946
138 303 956
63 304 754
23 305 278
152 306 768
108 307 686
268 308 385
165 309 498
28 310 184
279 311 543
138 312 563
15 313 338
111 314 646
32 315 971
43 316 107
191 317 36
12 318 847
23 319 201
247 320 694
72 321 564
286 322 582
114 323 754
231 324 979
157 325 770
291 326 81
304 327 234
83 328 8
270 329 278
256 330 204
260 331 335
103 332 419
120 333 716
133 334 363
54 335 220
189 336 101
9 337 872
162 338 387
189 339 355
144 340 879
86 341 233
321 342 439
139 343 660
206 344 745
59 345 805
330 346 539
255 347 612
273 348 863
13 349 225
43 350 302
46 351 636
310 352 581
190 353 790
212 354 487
57 355 687
99 356 623
186 357 30
10 358 741
158 359 213
97 360 981
179 361 787
155 362 510
358 363 479
214 364 783
149 365 952
81 366 501
191 367 840
356 368 449
288 369 404
317 370 481
292 371 7
110 372 364
259 373 871
192 374 433
149 375 943
40 376 455
323 377 287
295 378 185
260 379 43
46 380 175
336 381 54
87 382 287
50 383 464
71 384 230
109 385 378
97 386 311
86 387 167
104 388 775
247 389 133
274 390 475
280 391 975
241 392 863
151 393 247
198 394 381
109 395 370
210 396 637
29 397 938
98 398 23
259 399 14
239 400 270
193 401 316
42 402 129
201 403 609
20 404 874
128 405 817
310 406 524
113 407 631
142 408 759
48 409 788
6 410 521
409 411 401
333 412 935
120 413 788
226 414 741
111 415 212
174 416 898
177 417 297
267 418 364
215 419 636
252 420 353
75 421 292
315 422 598
165 423 617
304 424 155
182 425 202
29 426 916
378 427 891
283 428 943
96 429 809
323 430 185
4 431 752
38 432 902
306 433 463
254 434 659
272 435 209
66 436 905
283 437 594
332 438 778
410 439 917
14 440 321
440 441 313
313 442 723
304 443 440
230 444 236
354 445 54
20 446 975
145 447 209
419 448 559
33 449 847
291 450 476
360 451 288
148 452 263
307 453 941
49 454 798
100 455 678
137 456 978
448 457 60
146 458 548
251 459 71
352 460 101
259 461 559
217 462 636
225 463 657
383 464 793
410 465 119
417 466 266
338 467 354
322 468 641
337 469 274
407 470 155
343 471 262
297 472 943
107 473 187
448 474 526
259 475 629
431 476 736
269 477 408
350 478 660
443 479 273
260 480 923
113 481 426
172 482 799
60 483 70
71 484 77
429 485 584
30 486 648
165 487 717
353 488 873
385 489 787
167 490 867
227 491 731
168 492 308
405 493 680
338 494 206
168 495 774
235 496 697
386 497 670
3 498 334
333 499 641
498 500 788
78 501 347
364 502 775
373 503 731
148 504 673
72 505 400
208 506 287
392 507 847
181 508 623
197 509 917
423 510 185
502 511 662
240 512 244
93 513 731
138 514 776
421 515 693
165 516 301
321 517 704
347 518 809
155 519 429
420 520 659
142 521 726
229 522 313
454 523 894
408 524 805
348 525 470
92 526 855
273 527 226
59 528 465
62 529 382
54 530 34
456 531 158
242 532 468
39 533 116
489 534 2
507 535 815
117 536 79
62 537 608
376 538 818
177 539 33
54 540 18
504 541 967
362 542 635
488 543 324
12 544 502
387 545 46
274 546 134
95 547 576
499 548 770
137 549 935
90 550 942
501 551 786
191 552 643
27 553 766
330 554 601
482 555 85
30 556 654
213 557 844
304 558 597
263 559 94
152 560 227
13 561 340
528 562 48
529 563 19
267 564 313
499 565 944
358 566 704
513 567 981
543 568 829
245 569 160
293 570 251
469 571 401
185 572 2
394 573 900
509 574 765
275 575 404
518 576 487
137 577 57
170 578 13
255 579 58
289 580 382
495 581 285
203 582 437
196 583 785
468 584 719
347 585 696
26 586 544
330 587 228
91 588 694
53 589 498
578 590 475
323 591 804
368 592 999
358 593 201
137 594 290
455 595 690
473 596 614
92 597 111
336 598 946
219 599 669
293 600 546
318 601 636
229 602 166
195 603 989
352 604 345
248 605 24
81 606 94
67 607 134
350 608 393
384 609 457
434 610 947
578 611 60
343 612 826
112 613 317
119 614 771
330 615 790
179 616 56
131 617 408
217 618 643
568 619 787
448 620 589
432 621 160
122 622 991
281 623 128
565 624 981
466 625 772
180 626 84
485 627 843
48 628 355
589 629 35
552 630 499
517 631 445
499 632 604
158 633 483
431 634 955
475 635 939
262 636 434
40 637 931
218 638 97
84 639 162
77 640 996
496 641 360
400 642 119
126 643 342
491 644 715
227 645 602
476 646 556
368 647 123
79 648 604
327 649 760
315 650 228
552 651 807
233 652 503
135 653 792
118 654 853
175 655 31
480 656 241
472 657 633
253 658 946
319 659 188
308 660 58
51 661 229
466 662 189
317 663 126
144 664 662
255 665 705
438 666 290
585 667 257
29 668 307
162 669 745
667 670 355
308 671 362
111 672 168
620 673 662
19 674 323
633 675 129
582 676 992
559 677 347
492 678 62
513 679 326
188 680 712
504 681 318
531 682 600
572 683 147
132 684 976
354 685 419
263 686 670
62 687 281
313 688 129
40 689 657
443 690 145
267 691 186
354 692 496
298 693 22
85 694 359
15 695 986
475 696 84
306 697 426
141 698 584
155 699 295
355 700 819
115 701 245
24 702 848
1 703 31
18 704 821
170 705 133
29 706 827
310 707 807
707 708 557
558 709 234
521 710 529
524 711 692
373 712 230
344 713 1
139 714 397
365 715 375
207 716 11
57 717 409
458 718 498
483 719 540
300 720 833
554 721 341
592 722 345
655 723 689
320 724 329
532 725 522
385 726 848
568 727 824
720 728 38
379 729 245
503 730 474
181 731 3
613 732 593
305 733 48
507 734 204
147 735 115
354 736 614
641 737 403
233 738 957
221 739 565
269 740 367
200 741 497
395 742 654
513 743 646
248 744 852
660 745 479
642 746 864
477 747 164
280 748 246
217 749 252
174 750 153
118 751 841
246 752 528
141 753 430
565 754 336
108 755 123
521 756 434
546 757 271
241 758 647
293 759 485
508 760 161
166 761 177
610 762 799
238 763 834
684 764 258
208 765 849
747 766 806
35 767 530
446 768 286
217 769 171
216 770 307
506 771 29
156 772 620
98 773 534
122 774 923
407 775 470
262 776 337
216 777 462
651 778 693
537 779 534
60 780 383
676 781 362
468 782 425
105 783 876
96 784 204
137 785 389
377 786 695
46 787 604
452 788 424
96 789 934
201 790 863
177 791 135
444 792 755
526 793 40
531 794 246
330 795 751
777 796 662
374 797 875
324 798 709
479 799 855
465 800 800
446 801 776
42 802 16
676 803 162
367 804 224
29 805 491
795 806 556
657 807 991
170 808 928
192 809 112
525 810 662
624 811 859
73 812 329
240 813 117
125 814 487
395 815 952
315 816 569
161 817 486
84 818 813
359 819 377
83 820 800
649 821 180
582 822 199
368 823 19
158 824 907
628 825 653
245 826 995
107 827 246
593 828 599
268 829 714
458 830 688
329 831 77
381 832 99
20 833 843
143 834 267
39 835 6
760 836 793
583 837 775
825 838 710
526 839 119
796 840 278
165 841 538
154 842 988
838 843 301
156 844 500
89 845 26
444 846 386
377 847 798
399 848 371
170 849 102
564 850 565
209 851 410
347 852 646
211 853 702
306 854 685
588 855 325
51 856 297
553 857 941
34 858 1
573 859 874
263 860 962
801 861 42
402 862 356
13 863 186
220 864 185
489 865 71
631 866 100
408 867 461
277 868 371
812 869 455
812 870 337
124 871 372
273 872 349
58 873 272
83 874 611
751 875 555
700 876 399
846 877 275
117 878 789
36 879 187
626 880 454
531 881 77
527 882 444
619 883 653
691 884 405
850 885 224
703 886 946
459 887 729
883 888 613
410 889 349
808 890 500
665 891 150
873 892 854
818 893 358
746 894 591
743 895 322
743 896 508
784 897 303
677 898 641
238 899 120
288 900 770
245 901 141
208 902 292
23 903 363
445 904 575
465 905 833
153 906 968
719 907 678
789 908 113
630 909 170
493 910 935
673 911 453
706 912 595
718 913 100
309 914 418
913 915 634
341 916 268
404 917 256
763 918 701
468 919 817
568 920 35
43 921 704
90 922 986
656 923 178
166 924 772
361 925 156
10 926 544
301 927 854
32 928 71
475 929 727
100 930 878
804 931 29
3 932 841
826 933 58
429 934 960
242 935 171
23 936 230
477 937 702
868 938 963
49 939 668
873 940 932
638 941 794
859 942 139
519 943 615
171 944 307
399 945 403
651 946 408
633 947 684
675 948 421
219 949 143
930 950 970
218 951 80
229 952 895
823 953 768
127 954 15
136 955 945
173 956 966
792 957 776
764 958 91
600 959 19
425 960 86
903 961 288
251 962 206
615 963 95
739 964 66
507 965 64
692 966 257
411 967 588
967 968 278
822 969 714
632 970 146
420 971 945
592 972 102
938 973 921
655 974 464
329 975 296
1 976 714
521 977 396
842 978 260
418 979 603
246 980 786
948 981 715
820 982 163
405 983 900
35 984 13
7 985 439
190 986 626
905 987 623
493 988 105
957 989 274
857 990 836
294 991 472
533 992 859
69 993 174
229 994 416
598 995 799
493 996 148
159 997 245
300 998 170
384 999 104
656 1000 112
544 695 738
318 928 466
33 214 741
50 955 664
304 427 875
830 999 995
415 959 146
107 617 13
215 770 535
712 875 719
418 824 765
698 914 435
82 381 648
36 474 50
490 814 353
165 365 183
579 713 493
196 859 952
224 410 721
473 760 595
297 831 365
562 596 414
31 942 495
32 767 883
256 434 48
787 973 212
322 685 791
168 895 338
119 120 99
230 841 571
60 789 219
7 154 781
38 568 74
415 421 841
650 854 448
699 992 420
263 314 456
406 833 351
744 952 821
195 792 402
767 932 461
85 986 467
4 119 856
194 771 628
35 420 481
470 835 473
85 256 138
490 712 322
415 586 273
588 780 416
898 990 348
803 884 784
2 623 788
547 831 910
460 933 329
293 768 151
23 118 235
86 608 76
501 930 661
440 555 793
430 972 690
232 672 925
456 854 927
37 596 825
496 858 758
188 788 525
258 691 899
865 926 336
2 795 188
16 349 628
672 809 409
499 695 640
151 425 846
98 704 882
881 956 729
495 639 868
185 516 125
415 462 990
104 463 136
292 830 484
638 920 508
329 489 202
265 322 704
320 520 154
200 754 461
483 839 955
351 706 491
473 477 304
576 819 118
867 955 948
139 439 937
299 819 425
140 502 41
11 206 360
360 764 912
173 246 102
480 597 807
425 971 279
243 275 206
197 394 425
694 987 563
286 631 381
139 409 873
450 696 883
163 408 647
75 580 244
60 529 192
30 336 616
657 968 210
402 526 758
95 951 745
725 866 382
133 600 872
473 935 567
449 708 974
523 707 554
403 952 613
90 144 994
113 409 650
323 935 403
82 237 497
103 179 574
702 913 58
526 785 992
233 352 440
679 940 314
233 891 68
386 846 158
192 498 566
173 195 852
254 598 89
448 784 191
22 48 892
184 432 769
777 887 1
565 569 292
149 236 534
304 346 920
462 538 417
381 732 589
233 681 194
128 322 329
501 865 728
109 933 911
61 878 150
629 880 714
524 864 863
59 520 208
333 979 97
713 748 828
298 690 509
884 971 988
566 836 489
294 944 773
174 558 833
53 708 461
774 928 677
637 986 196
198 964 528
64 295 593
476 753 890
636 985 860
553 973 47
814 847 991
587 756 164
420 463 568
234 236 495
225 263 833
422 459 148
68 339 211
284 543 963
174 879 951
204 387 503
17 434 701
777 956 456
293 727 270
861 960 506
574 709 730
384 894 503
42 723 922
254 358 817
532 569 695
270 520 250
376 703 619
429 480 574
124 886 652
156 337 964
14 45 537
96 290 921
331 951 995
874 936 352
505 691 235
376 738 504
341 751 207
180 960 38
417 886 513
538 924 849
854 938 245
33 392 534
336 665 865
209 660 152
12 251 656
600 988 32
104 680 134
639 663 665
53 876 81
567 766 5
416 619 294
362 662 678
26 196 13
413 685 221
49 566 823
574 648 163
103 606 842
93 766 481
170 758 708
192 736 473
152 197 444
165 843 805
521 712 183
125 887 867
42 460 267
284 615 266
447 573 721
289 665 486
656 831 964
656 744 512
247 452 354
411 610 227
122 793 113
12 598 924
280 991 207
606 898 653
530 619 294
457 546 415
319 465 597
560 636 605
500 806 408
568 855 17
41 434 809
639 899 821
823 981 452
31 586 701
36 467 672
12 330 128
98 683 944
47 670 503
169 652 308
61 375 875
160 430 916
58 240 906
233 413 886
217 615 824
650 918 642
332 942 654
423 781 688
367 827 709
223 479 877
531 891 604
320 759 763
27 911 821
285 323 405
523 891 19
161 699 668
102 342 351
348 524 131
243 388 958
97 465 788
347 974 678
105 930 349
483 694 260
119 867 934
272 642 825
291 340 985
33 311 438
380 663 314
146 767 556
104 863 20
189 892 366
118 922 823
163 272 305
29 532 424
652 818 417
643 942 108
605 980 141
619 771 520
85 764 287
641 868 501
111 661 689
33 379 159
202 656 321
539 860 702
284 356 353
53 351 647
161 330 251
302 452 869
175 536 632
176 814 851
188 315 962
357 567 346
120 516 1
189 979 539
614 891 894
245 666 244
179 244 926
480 495 377
6 716 265
700 819 440
134 904 980
490 866 898
212 357 17
545 565 996
104 436 609
32 998 627
275 595 805
121 873 636
188 250 642
239 867 812
142 308 945
359 640 786
538 922 494
486 907 39
589 903 826
865 939 857
844 885 483
649 757 955
358 637 142
225 631 732
444 884 874
523 741 232
412 880 506
318 374 991
573 765 932
591 789 222
632 800 106
632 635 214
268 590 571
84 899 795
342 817 30
43 434 552
313 627 315
133 687 985
451 477 557
394 761 697
193 983 328
89 828 311
655 769 578
205 226 828
21 374 521
404 415 955
309 393 267
526 624 305
354 609 108
114 518 501
96 215 45
536 895 872
190 206 993
137 767 197
140 965 569
544 839 983
794 852 375
413 827 252
71 436 957
179 953 70
32 520 517
77 414 404
620 950 945
295 756 712
72 492 203
413 910 746
55 748 949
475 820 776
242 728 563
37 420 867
108 451 386
527 977 800
382 828 771
327 474 526
317 391 949
595 729 211
476 693 617
951 995 436
30 123 677
66 686 448
525 905 250
292 502 129
235 444 308
215 913 782
93 304 98
250 394 827
605 942 654
223 936 604
11 58 985
41 95 51
489 1000 927
92 643 780
221 438 14
529 652 927
96 663 582
489 762 831
94 941 124
595 668 60
552 678 469
537 718 916
559 940 915
650 868 909
222 648 346
102 663 349
765 942 796
524 878 284
707 818 729
764 831 396
315 891 426
713 852 495
629 791 53
658 896 54
157 658 627
320 503 729
204 613 845
136 1000 722
636 842 891
24 366 654
114 915 969
892 979 820
388 959 962
793 854 620
10 848 629
827 864 300
419 556 912
401 418 399
53 475 592
366 770 615
21 884 881
127 342 859
162 514 817
124 307 22
96 506 383
332 725 598
240 377 16
289 992 433
467 688 838
184 280 607
248 556 842
129 897 969
410 989 482
158 886 140
333 533 997
410 916 681
786 867 920
75 883 911
114 669 729
507 746 913
466 993 820
121 309 69
278 461 478
112 971 715
503 605 48
770 954 809
635 636 594
555 871 20
539 819 486
397 900 583
165 862 575
170 986 47
55 799 860
263 885 830
601 867 684
1 820 805
162 807 793
108 361 663
481 531 553
431 967 949
595 902 810
477 932 980
338 876 130
223 736 392
175 918 610
527 602 782
688 760 588
147 553 300
568 627 831
121 945 613
70 846 559
674 880 491
212 550 828
285 343 402
87 203 928
156 698 454
480 915 493
420 819 640
386 720 618
506 551 563
164 575 408
76 807 434
370 567 983
64 747 619
151 502 821
200 430 329
31 237 595
450 730 766
169 722 151
341 720 9
235 904 935
310 664 741
98 228 463
327 433 526
53 828 676
226 609 227
555 845 257
503 575 706
269 296 875
772 988 946
243 781 532
717 907 194
356 810 773
273 789 99
193 800 278
418 828 887
56 973 731
313 827 305
20 95 953
247 866 940
545 999 183
77 715 441
524 623 148
397 797 288
496 596 480
127 423 898
14 830 222
143 745 48
403 514 494
112 708 711
535 710 83
424 976 706
300 477 102
96 765 949
43 598 75
817 848 440
70 647 185
141 470 939
654 964 646
27 765 645
737 772 180
512 855 507
561 811 335
15 258 452
300 317 49
117 392 896
115 833 317
255 370 786
309 908 101
24 307 127
304 795 215
1 484 79
344 562 889
679 928 499
131 244 798
532 988 266
428 820 732
97 541 986
201 883 245
336 507 620
464 810 766
31 646 767
110 341 680
19 352 607
502 851 851
33 649 838
268 813 9
909 1000 901
144 339 101
479 584 959
205 294 120
325 971 765
738 786 105
137 418 476
378 987 329
581 988 361
255 771 525
132 606 786
33 944 281
486 528 759
84 445 405
54 565 81
144 683 866
140 913 3
642 968 989
222 297 328
11 992 582
123 536 540
507 674 483
955 992 362
67 436 445
353 472 851
387 553 346
419 878 258
774 846 900
116 142 473
444 504 465
40 379 939
713 919 446
20 402 437
86 765 225
557 562 929
413 461 315
759 879 192
5 370 37
120 622 531
95 563 34
912 941 425
852 859 490
613 650 509
439 729 594
290 664 502
593 703 962
813 908 192
182 453 196
803 842 667
725 898 230
161 760 522
364 537 733
13 27 697
452 888 425
467 834 714
60 688 768
319 650 581
123 195 114
391 965 917
411 689 166
800 993 678
689 867 42
67 600 54
649 955 857
74 140 324
141 828 383
261 477 53
23 194 176
309 766 492
176 578 180
96 168 332
34 774 20
816 986 438
223 634 392
60 80 884
404 552 711
139 812 539
358 545 562
18 721 327
213 595 854
42 745 21
167 429 406
801 983 391
240 557 377
636 984 788
392 868 339
882 931 502
426 471 859
146 385 876
64 710 822
807 918 215
235 291 382
36 49 364
275 793 272
170 610 907
478 958 650
408 649 532
151 230 957
363 614 455
29 591 164
298 414 970
588 629 557
11 637 944
429 727 570
950 999 179
261 657 258
417 793 408
646 751 122
206 612 713
640 722 478
45 290 458
602 877 469
546 865 547
116 645 898
295 946 508
304 556 768
720 814 561
575 717 663
328 697 220
320 762 941
240 609 985
699 837 586
54 520 483
419 698 950
669 996 245
177 551 900
298 365 619
211 939 687
874 987 15
94 749 686
340 387 646
38 373 482
311 909 535
147 328 585
97 996 580
342 525 130
594 822 846
213 384 784
609 901 123
268 702 871
306 440 562
812 952 600
434 475 508
322 621 187
536 839 410
60 969 3
168 233 568
616 952 820
224 427 439
277 298 744
716 861 47
813 880 832
673 706 153
213 326 411
394 748 601
804 807 922
160 391 89
80 358 40
252 933 467
209 691 116
276 787 328
507 834 492
212 666 165
820 889 729
583 635 476
185 790 634
107 949 24
196 380 381
588 631 313
321 407 873
107 876 500
204 940 359
49 606 922
566 777 811
295 711 445
771 895 586
353 405 535
781 900 914
488 514 545
179 246 217
52 121 676
677 904 615
263 725 572
290 538 700
701 936 411
498 706 657
84 462 10
242 619 909
755 886 748
285 783 994
352 688 466
28 591 142
206 644 866
568 743 507
443 621 442
32 940 499
23 689 960
51 994 553
231 313 659
13 61 943
364 407 630
744 874 573
16 739 778
235 306 872
94 926 666
309 889 605
350 388 979
400 701 324
64 254 554
477 914 918
209 883 634
108 840 377
124 765 115
543 710 420
767 803 698
43 433 358
390 431 707
131 721 459
46 384 522
649 952 998
858 871 881
49 505 340
813 882 463
707 997 524
473 769 679
257 819 721
178 646 151
237 366 633
696 763 369
219 715 17
569 585 226
441 802 626
143 674 790
22 606 496
483 790 320
162 961 576
235 490 573
726 739 291
372 422 405
741 992 119
111 560 55
362 689 495
316 504 168
106 461 189
943 955 331
275 456 643
204 691 132
129 429 857
152 772 630
178 893 621
297 355 181
43 705 542
200 358 45
721 816 505
770 910 800
396 593 255
236 951 945
80 720 725
203 578 877
380 560 121
29 182 475
85 363 517
257 284 227
302 356 42
159 618 811
210 959 558
567 798 509
512 517 940
446 590 142
6 467 874
187 588 254
415 901 338
157 932 973
159 810 329
553 968 946
279 716 507
275 845 304
136 708 821
76 297 618
115 570 623
54 796 809
50 468 61
388 752 217
262 714 378
43 815 346
341 530 976
156 848 820
153 291 879
326 718 176
288 296 642
83 920 696
81 485 515
143 224 266
712 937 880
91 331 694
671 789 223
519 765 379
23 937 21
700 816 739
344 995 26
914 987 460
35 347 296
489 550 520
169 552 808
49 642 139
95 782 809
546 670 327
401 834 701
423 650 400
162 993 747
540 979 12
352 365 358
649 915 198
435 521 750
329 835 743
820 929 877
598 630 422
309 999 608
363 773 257
763 934 601
825 862 932
176 875 296
176 233 562
48 432 348
534 729 182
548 629 462
177 506 60
281 838 410
200 889 182
314 498 467
99 176 291
31 50 818
634 680 346
242 417 393
302 591 121
125 931 669
436 588 197
68 1000 34
762 956 585
296 453 899
763 904 74
286 406 475
224 965 460
559 922 229
316 501 530
625 789 460
564 810 248
8 563 315
324 394 623
619 980 427
231 733 682
138 305 968
132 714 284
635 944 842
173 302 342
443 704 319
252 516 882
611 764 445
5 432 120
336 407 91
566 834 823
222 517 313
353 837 378
121 296 364
316 469 666
524 658 460
39 329 711
155 212 322
9 586 678
129 992 13
177 572 578
396 693 799
61 881 503
2 439 150
317 803 970
326 821 493
281 655 884
345 866 38
667 874 975
345 354 318
710 926 494
640 673 539
733 791 419
294 523 772
677 796 88
119 850 766
130 964 420
474 848 637
238 492 510
188 213 215
531 897 140
378 888 164
269 678 248
323 688 770
119 461 799
237 901 648
552 667 777
400 439 603
76 989 446
202 938 634
84 154 882
646 813 770
81 811 799
59 769 122
581 830 240
629 833 828
629 852 731
290 758 482
361 718 471
160 655 24
146 160 107
380 806 272
502 616 352
302 674 472
424 855 404
16 835 237
196 463 440
221 927 729
410 933 798
444 881 453
257 589 612
716 969 769
470 988 384
123 341 410
546 813 616
570 913 451
108 807 265
35 247 837
328 796 122
28 127 565
284 932 154
896 999 474
666 987 295
402 679 418
812 843 315
412 429 228
232 570 335
816 849 721
39 496 516
161 974 895
726 905 178
152 232 177
58 817 515
354 571 193
124 382 387
162 791 799
19 745 368
594 707 536
780 984 383
144 297 356
221 544 612
723 805 763
252 862 932
567 767 854
42 312 587
699 833 749
850 851 845
571 909 790
459 689 773
337 842 916
550 880 489
514 602 293
629 853 154
561 971 721
634 767 762
333 355 946
456 534 797
301 456 57
92 914 745
107 865 433
8 134 313
521 623 266
150 916 471
62 422 441
495 829 75
535 610 759
556 990 644
290 705 100
733 763 365
860 950 824
83 294 831
57 607 704
324 873 205
344 745 618
138 592 798
201 565 332
324 756 321
813 968 611
420 575 343
434 786 644
727 962 726
145 685 134
849 910 457
406 605 554
25 742 145
658 823 697
156 981 804
301 477 616
72 440 190
136 209 976
170 780 54
315 859 739
515 993 0
803 921 604
709 945 698
119 206 355
274 903 336
103 707 988
542 676 59
677 866 268
194 457 789
249 315 103
340 659 970
340 813 890
521 944 186
642 726 304
980 998 578
39 686 680
26 714 573
437 931 250
477 705 58
495 725 724
416 950 382
755 920 195
50 162 67
348 692 145
41 653 124
78 583 514
455 615 227
188 891 510
790 948 986
200 794 62
743 924 477
15 659 583
176 206 632
273 876 675
418 880 67
814 895 144
409 428 950
967 989 841
109 851 788
189 308 581
232 251 675
80 242 689
447 663 217
323 445 488
324 390 734
137 887 142
837 916 482
678 882 332
818 990 520
650 751 122
233 427 201
468 474 215
37 272 862
342 481 184
182 804 573
292 916 811
207 411 648
441 893 677
578 782 495
431 450 597
573 663 23
126 488 843
694 759 879
101 556 712
282 740 515
550 665 807
477 960 365
204 477 157
133 154 939
1 583 721
507 599 384
632 974 223
169 325 982
232 401 82
113 323 715
628 988 264
787 816 575
292 505 779
662 797 911
601 798 845
323 748 351
59 73 983
242 282 659
616 642 891
698 754 213
733 766 552
30 872 719
376 606 362
37 737 511
990 1000 660
664 846 407
197 722 831
355 532 72
192 971 65
20 435 170
785 1000 903
167 905 774
124 624 149
339 860 537
211 850 526
56 510 189
269 605 262
100 488 617
525 679 939
465 590 958
761 817 95
16 721 261
696 790 384
291 386 595
235 828 805
96 707 213
364 896 817
159 816 656
128 340 335
281 419 151
41 377 967
408 824 39
85 197 735
469 839 120
416 667 707
222 373 802
620 787 518
778 956 333
257 612 672
299 675 952
404 451 345
227 770 752
312 810 301
132 545 139
17 548 157
121 724 529
527 907 501
45 862 278
473 730 887
402 772 913
574 706 316
343 403 543
152 508 206
48 809 689
65 300 588
140 458 708
339 666 966
62 840 827
471 791 652
544 710 423
602 623 348
4 940 690
511 835 194
393 671 241
82 971 657
671 780 797
118 731 462
310 698 876
132 877 18
529 841 914
304 463 515
402 652 870
588 695 733
889 980 403
130 414 725
84 788 856
166 585 326
399 863 635
627 740 766
620 998 958
912 924 420
779 927 174
621 649 761
509 734 93
138 991 506
215 778 941
72 714 106
464 750 321
91 385 60
88 503 31
351 461 306
129 233 233
129 407 205
521 863 714
352 614 56
120 918 185
341 413 898
90 519 713
826 840 803
252 328 242
140 284 592
373 590 72
131 175 553
381 651 415
447 616 118
87 503 35
499 688 376
18 938 817
209 651 643
807 813 322
49 448 462
389 994 186
418 564 668
296 971 319
738 742 286
244 856 373
283 892 871
220 620 240
437 870 801
432 676 613
77 755 60
422 569 800
755 839 363
162 775 658
94 899 399
381 755 994
106 998 276
969 977 847
570 757 717
189 371 744
336 943 172
748 863 593
548 969 784
743 912 945
837 922 843
569 674 949
20 674 298
2 297 618
496 571 375
293 565 915
310 980 209
727 834 71
275 780 39
538 564 781
459 509 969
484 704 889
6 504 914
152 656 916
275 647 838
2 212 483
873 917 462
58 126 189
197 837 815
400 588 352
260 721 162
316 691 646
673 932 501
328 847 4
115 602 650
603 953 213
788 871 437
251 996 495
544 792 683
483 607 83
204 311 694
246 473 9
177 471 681
23 324 361
137 328 962
331 442 917
229 896 787
334 831 135
181 622 30
580 864 513
299 890 716
715 994 961
355 537 137
389 861 512
540 750 648
64 870 441
766 981 22
121 451 852
256 631 826
638 846 405
145 151 647
490 867 713
180 844 249
584 670 461
182 333 1
182 397 870
729 976 635
849 998 437
456 850 67
28 94 913
596 786 409
785 815 898
498 994 93
15 747 677
209 548 9
562 730 757
57 432 486
54 420 686
255 857 494
277 283 939
68 190 534
852 951 348
701 849 694
294 447 60
7 971 608
333 568 689
90 352 745
123 928 798
615 979 52
109 255 686
400 796 105
746 934 956
635 946 656
240 681 455
562 741 813
701 894 733
390 984 84
135 263 558
285 877 536
337 690 143
376 736 938
22 834 36
8 790 333
40 799 572
606 780 134
419 481 379
222 504 714
709 940 977
498 993 853
34 387 542
530 762 629
468 595 2
736 856 9
190 886 48
114 491 180
262 600 12
765 980 585
57 694 293
554 671 638
877 940 671
771 821 784
400 641 378
403 496 114
685 764 351
151 165 842
345 750 455
709 729 571
294 775 627
588 797 533
25 226 824
249 795 645
34 195 285
764 949 132
712 878 817
582 876 319
424 572 68
632 879 149
802 926 923
430 865 71
90 315 96
139 690 890
136 723 84
421 487 384
554 716 448
297 723 675
42 72 247
302 462 878
104 611 155
885 886 19
199 958 460
54 337 150
473 944 224
245 381 62
150 765 130
213 872 778
241 265 850
488 727 503
689 718 606
575 874 842
532 893 40
585 706 729
856 880 553
260 432 797
377 495 299
625 941 170
181 755 787
668 957 865
461 738 553
419 963 127
207 262 658
302 912 594
383 767 474
199 936 85
45 86 461
21 385 402
775 907 582
84 694 602
544 559 691
113 314 653
240 575 859
229 251 771
197 611 889
671 899 439
757 984 835
218 368 855
274 972 982
320 907 65
509 878 960
200 342 273
205 934 200
64 184 428
187 380 390
403 429 640
159 868 623
704 728 342
52 911 968
893 958 287
310 466 516
17 270 858
544 573 143
744 988 326
175 524 57
914 955 811
822 907 969
530 877 49
140 225 100
193 384 57
694 832 874
700 963 242
506 910 814
53 601 801
124 731 327
390 789 281
296 600 103
177 922 331
323 401 822
423 945 206
128 832 899
58 828 213
89 300 719
114 142 671
872 915 795
12 243 536
524 964 831
237 979 359
559 663 112
333 485 408
164 691 536
221 942 715
156 872 803
227 985 296
251 898 520
45 845 531
581 721 494
699 764 730
124 713 640
198 236 972
240 644 487
532 534 59
599 689 930
755 915 266
51 164 517
209 571 713
455 789 433
301 905 132
28 384 196
24 615 745
349 610 985
142 836 518
92 248 558
178 846 824
797 897 987
314 819 195
273 379 336
574 813 240
297 957 619
493 980 233
239 328 194
516 576 335
94 763 427
4 292 272
88 828 520
753 815 339
132 363 611
51 944 184
240 643 140
262 732 472
322 847 151
41 897 666
342 729 428
345 508 720
172 780 159
339 653 912
53 992 395
103 955 338
492 745 929
358 984 12
204 456 334
596 608 230
324 626 572
55 831 268
127 963 792
286 967 130
550 958 534
264 945 636
635 755 732
564 739 441
546 929 996
263 505 591
131 845 267
185 769 449
38 663 411
300 830 729
202 312 686
198 498 302
133 186 56
48 918 146
711 976 692
590 707 196
435 650 326
203 917 862
592 719 876
482 773 176
212 436 377
250 633 874
552 818 358
87 961 406
107 797 733
799 855 675
348 505 109
26 773 663
491 889 607
765 973 379
293 536 167
22 785 799
337 897 969
255 297 407
13 403 556
99 554 410
253 774 266
235 278 39
250 518 881
635 857 205
589 927 740
756 949 525
197 907 213
803 876 861
168 636 615
192 266 168
391 602 772
625 869 50
260 874 919
83 141 553
671 699 832
426 439 780
316 332 328
560 881 130
195 742 297
358 386 914
339 878 656
559 651 280
53 818 506
311 972 588
361 526 610
151 358 35
467 490 718
699 818 277
300 441 823
798 950 560
27 864 251
521 677 809
153 729 979
11 53 289
578 951 1
287 561 151
776 948 969
667 945 668
296 596 108
120 545 257
32 761 635
283 633 312
93 785 392
148 424 444
98 713 373
11 66 11
217 958 138
187 624 82
855 920 678
315 391 222
422 572 334
207 705 966
149 871 751
572 616 250
412 636 699
138 701 709
149 917 19
288 455 994
309 722 913
400 623 655
546 975 77
105 309 133
327 628 281
294 731 204
706 981 839
195 680 891
343 742 159
113 630 614
107 704 274
373 455 249
28 429 146
90 105 602
238 717 281
447 871 574
427 779 631
618 810 825
509 903 168
15 21 149
122 987 204
261 494 659
521 862 87
9 978 528
567 963 596
244 790 394
216 819 524
802 834 334
628 694 236
66 148 251
52 649 724
313 854 217
513 526 89
534 952 66
833 849 985
92 429 774
176 910 989
64 700 174
34 691 220
623 838 285
226 838 337
691 950 1
203 519 526
155 960 412
379 987 260
364 767 351
138 942 613
479 994 28
6 379 718
1 226 907
578 863 744
200 879 435
397 553 989
357 432 143
735 844 481
450 456 600
159 939 541
124 417 886
152 774 265
870 999 617
129 862 547
413 874 425
661 966 822
397 650 530
592 794 616
47 627 417
227 557 355
121 681 771
7 184 897
406 624 895
534 594 108
141 759 873
419 566 838
69 740 586
214 622 529
238 840 927
7 67 483
187 362 515
486 545 699
383 521 456
114 630 989
606 739 100
171 612 518
263 802 586
740 884 799
269 474 639
196 480 57
679 842 595
327 547 491
246 709 11
54 338 124
395 428 729
391 495 252
14 192 514
283 952 749
551 752 222
743 746 54
152 425 247
747 971 573
568 590 633
602 973 322
78 367 102
160 862 492
227 412 36
178 278 318
281 379 869
375 602 966
8 526 390
255 624 712
180 214 631
165 167 603
244 839 322
403 941 183
166 786 761
174 443 938
492 822 571
713 775 945
134 680 471
388 422 446
487 919 11
435 470 177
273 426 421
214 748 175
283 351 341
44 524 135
334 367 308
80 905 82
111 851 567
674 884 306
370 472 224
192 484 658
13 617 283
434 716 848
962 998 198
303 393 721
726 790 439
99 631 518
533 833 980
101 858 864
329 407 585
164 984 776
177 642 744
277 962 459
125 275 456
323 577 848
396 719 926
817 836 908
349 706 740
687 801 949
208 903 629
191 840 793
184 617 321
461 713 634
173 585 909
260 981 837
182 655 555
108 842 371
368 548 72
108 586 872
409 840 431
38 679 621
183 647 157
360 504 969
491 884 905
216 400 164
237 749 171
208 793 364
516 575 263
34 588 200
442 813 39
244 832 718
14 218 716
727 870 427
360 696 310
601 759 878
118 995 626
139 641 834
357 655 760
242 621 794
406 821 587
650 861 418
867 931 432
593 647 301
75 640 660
592 737 418
61 967 764
594 701 903
410 780 909
30 540 502
202 686 908
274 414 557
344 692 775
343 476 719
769 777 358
789 857 949
559 824 362
324 769 414
579 900 823
439 488 852
477 990 54
102 898 467
145 807 163
582 621 857
301 397 625
11 538 833
96 313 656
675 771 776
89 701 675
188 913 466
117 530 942
171 779 395
586 991 539
506 519 159
172 363 908
182 340 445
173 494 892
168 182 663
257 958 715
521 986 903
452 637 784
160 746 914
141 502 499
7 680 370
369 840 541
60 100 722
232 545 216
765 789 735
75 452 343
60 520 863
775 863 852
559 608 11
100 473 864
325 779 870
695 970 590
69 236 649
310 965 232
754 878 349
557 614 423
76 309 834
173 850 696
377 760 655
233 740 754
604 909 884
474 603 854
64 190 274
65 851 239
649 729 344
694 998 900
2 421 976
526 607 177
655 902 937
310 641 521
244 416 429
69 301 383
132 507 924
548 781 774
197 372 854
194 716 547
967 969 549
297 925 74
474 580 976
241 763 968
9 284 212
65 661 280
167 800 764
299 724 663
23 851 859
90 705 405
58 605 371
154 354 295
180 580 226
908 942 467
578 877 475
441 994 135
73 794 653
837 869 303
71 853 325
64 776 415
380 469 824
192 885 178
464 840 709
66 724 650
600 885 579
40 712 573
199 464 718
653 852 938
505 508 9
568 833 136
37 600 867
425 580 751
419 955 566
664 837 289
666 721 240
598 785 631
523 983 95
187 241 747
531 694 251
540 878 170
676 830 558
254 543 138
560 646 556
223 565 744
240 854 465
447 837 601
78 711 583
525 951 121
272 482 814
373 875 44
46 49 873
604 943 478
38 651 504
612 747 709
212 851 155
40 165 585
749 750 109
53 870 733
37 886 607
258 433 4
306 658 960
784 953 53
173 893 55
749 784 802
458 986 365
25 966 530
127 903 630
12 531 851
416 745 239
25 705 671
35 61 976
373 987 111
231 779 283
186 331 418
788 988 404
105 706 780
7 588 906
371 570 436
115 421 203
13 171 228
232 684 614
13 604 600
476 734 182
760 920 512
178 907 651
582 964 108
715 903 114
472 621 836
245 410 303
257 613 473
193 292 56
304 807 12
759 780 745
293 891 664
157 420 923
354 809 238
68 269 141
688 735 964
449 572 208
414 875 816
348 958 108
117 757 763
769 875 894
514 520 136
531 676 556
454 836 909
104 692 328
833 839 367
762 798 816
358 636 581
335 527 538
91 987 654
102 211 881
349 725 400
485 607 75
60 393 263
654 751 366
936 982 556
85 350 317
518 794 952
99 320 287
306 637 729
408 644 940
525 756 16
277 592 622
704 985 33
967 990 135
334 972 70
673 890 506
208 542 300
512 640 619
151 628 277
233 623 36
147 173 791
541 775 734
479 515 718
445 548 60
130 683 383
20 754 55
579 612 948
442 912 587
593 884 566
161 825 189
197 349 687
340 889 462
74 403 940
145 950 736
557 984 866
89 940 237
347 701 815
295 612 256
234 847 200
359 800 376
341 907 724
29 598 964
24 843 366
168 783 667
724 871 651
15 737 739
361 974 791
141 655 755
240 750 601
39 302 312
380 679 218
403 760 816
602 720 191
438 736 358
106 606 433
109 695 447
200 668 159
161 992 165
99 910 404
211 700 794
241 364 525
583 644 284
715 751 237
152 942 972
609 652 930
437 717 624
236 269 643
395 612 155
710 912 64
668 761 627
125 462 867
59 988 862
161 624 928
454 862 80
105 186 688
116 893 757
92 128 377
736 874 988
785 891 49
308 452 161
287 913 637
252 506 695
721 876 855
89 649 660
274 729 764
390 770 8
481 527 135
568 904 8
244 811 144
118 645 595
756 806 860
261 444 463
333 491 690
699 982 778
62 359 52
183 476 793
484 709 625
620 964 193
207 980 3
125 203 472
9 72 579
804 932 191
646 748 524
344 438 857
55 569 270
530 973 453
365 766 161
336 743 477
316 936 35
291 792 238
115 863 598
147 694 753
886 894 398
683 762 94
251 619 148
223 241 677
694 988 393
83 208 729
18 685 44
661 720 835
127 310 697
173 908 195
13 410 88
171 412 771
141 506 21
654 733 244
427 683 583
76 634 665
670 805 35
201 741 47
36 51 173
86 310 697
281 323 106
86 722 628
493 591 120
596 866 853
462 630 279
57 398 264
63 862 285
414 450 25
450 849 427
375 887 737
72 519 411
179 240 496
84 159 438
280 950 385
133 411 14
764 808 70
28 223 283
24 313 697
690 873 498
118 247 384
207 670 902
200 618 142
359 466 577
638 904 526
122 289 289
655 885 448
725 912 670
361 576 46
58 265 270
382 556 516
292 940 537
194 557 737
22 688 95
266 277 84
144 917 205
433 571 441
648 882 704
8 904 279
65 950 895
220 972 629
88 263 568
626 808 125
496 715 498
113 162 127
246 256 43
41 803 966
244 922 613
825 948 972
127 579 388
474 698 359
103 786 621
24 763 780
149 477 275
990 999 739
126 235 347
389 522 387
488 984 308
101 283 484
425 861 962
686 813 660
172 789 797
145 164 559
312 925 387
553 662 376
644 788 962
309 991 702
148 378 685
38 600 967
24 875 179
836 837 864
359 849 4
646 855 167
131 557 830
35 944 492
672 679 631
634 669 291
399 688 438
373 788 37
14 692 412
203 871 247
51 736 957
697 740 811
253 908 293
90 549 328
220 582 6
206 213 26
856 893 776
294 618 564
309 683 577
95 180 131
694 915 182
6 651 878
265 814 482
108 355 30
288 788 602
501 794 807
708 820 51
2 949 668
36 513 977
131 442 156
176 574 422
108 827 779
338 992 44
451 820 750
203 238 37
383 805 889
203 964 597
15 151 950
15 684 985
661 808 467
169 733 643
840 943 821
177 722 812
118 997 615
220 551 852
258 355 235
318 499 789
96 684 291
367 398 657
379 384 464
203 899 549
841 846 388
667 915 917
32 832 265
252 447 815
651 861 521
238 359 190
379 807 873
204 670 592
679 939 970
142 496 221
45 339 61
358 785 975
189 702 359
967 987 962
782 989 822
227 655 532
605 845 690
627 719 246
311 657 184
152 633 677
196 854 368
268 333 725
34 595 265
1 954 603
134 916 591
90 789 169
633 975 126
665 703 104
13 911 760
448 998 912
477 851 459
118 197 791
713 922 177
18 539 529
286 494 14
86 727 802
607 701 787
85 366 841
189 628 206
302 427 203
566 904 53
25 100 523
169 374 587
264 346 956
227 758 241
195 241 968
153 396 20
183 238 737
376 778 717
79 582 143
785 996 398
191 373 498
541 714 223
238 653 486
464 609 595
203 704 789
99 523 942
543 633 531
9 633 308
350 590 739
493 727 734
892 917 458
742 982 998
317 634 587
594 803 402
751 796 106
318 540 556
213 834 541
365 845 549
26 194 490
38 117 216
203 929 484
662 670 465
660 986 450
141 600 44
2 243 839
460 782 509
17 968 73
558 684 917
459 709 462
301 825 499
28 870 428
354 689 449
172 700 787
622 651 279
653 666 521
112 858 654
480 719 621
389 792 305
199 709 365
523 852 542
22 721 569
426 802 609
604 949 660
571 743 311
22 588 315
797 895 426
515 549 258
523 658 998
180 718 197
240 897 400
439 614 120
360 415 897
18 969 846
112 982 768
133 293 707
379 608 504
280 386 370
802 996 28
333 995 745
229 544 337
668 944 950
27 416 716
313 348 86
329 511 197
279 973 330
339 580 60
317 843 339
213 313 492
307 593 824
202 691 405
28 145 424
330 560 802
46 224 149
132 735 829
330 365 153
12 703 84
72 897 401
412 462 65
54 256 723
81 96 924
475 838 68
262 804 979
64 850 202
333 566 288
662 747 5
25 901 707
449 985 604
212 738 65
467 803 470
526 547 918
384 802 392
870 997 196
61 201 397
756 978 81
44 724 95
49 624 119
109 961 567
698 713 778
130 853 597
378 952 143
180 870 879
401 615 227
163 954 287
560 709 264
752 993 340
88 153 963
261 560 275
325 479 973
258 454 177
207 757 554
702 979 85
581 593 838
161 755 791
448 666 499
65 658 602
98 405 754
657 720 14
135 996 338
321 744 143
498 950 252
404 652 230
584 842 822
32 744 928
544 823 593
608 674 602
276 364 699
383 435 355
749 782 490
88 454 233
303 583 535
707 835 186
417 900 769
239 931 513
519 753 56
112 778 15
405 715 730
139 766 164
122 888 298
327 964 751
549 909 54
84 96 112
270 512 11
103 392 941
257 621 45
85 313 174
151 680 578
762 916 717
278 389 956
352 576 282
253 680 542
336 734 637
198 958 501
209 349 603
502 605 575
269 899 659
73 300 809
3 61 77
72 338 465
28 266 169
310 945 421
30 205 108
227 842 65
695 787 765
640 650 721
226 538 341
237 962 640
316 399 52
476 740 742
293 767 7
429 462 951
235 985 332
344 826 558
761 873 696
522 527 335
99 248 224
336 942 537
86 582 852
913 987 943
205 729 62
19 88 490
253 391 474
723 948 651
281 709 875
235 329 397
664 834 847
775 888 182
709 777 619
47 981 531
775 925 88
862 987 106
604 829 710
326 655 658
658 958 718
286 534 304
283 301 489
130 540 616
316 665 324
284 296 370
220 816 496
256 558 709
362 386 312
40 424 989
434 698 946
152 583 583
808 865 883
298 994 422
658 914 89
294 590 384
461 960 956
716 808 513
429 869 251
181 852 290
170 286 339
468 789 921
51 597 785
286 894 131
60 807 140
149 748 433
59 533 893
841 866 608
707 734 36
266 958 240
600 787 525
254 940 313
213 656 261
293 351 154
352 482 312
500 622 59
384 408 117
301 577 334
262 283 67
240 650 332
839 890 470
130 767 723
343 433 730
693 694 22
526 849 725
499 513 576
573 906 960
42 559 536
377 820 170
796 821 409
63 481 247
829 951 377
261 675 71
307 757 115
641 857 18
491 786 942
397 746 984
307 634 712
478 804 507
298 565 987
164 712 938
153 965 963
73 459 78
204 317 70
336 413 561
198 278 309
295 614 615
280 326 444
435 834 741
173 999 453
162 463 345
55 427 849
370 852 660
55 449 976
819 871 311
16 432 941
93 662 554
60 941 880
375 504 65
598 725 237
51 239 52
645 748 830
14 597 681
257 814 88
586 685 906
468 897 274
561 838 935
393 972 228
476 625 954
73 690 679
279 475 269
222 331 913
170 514 278
195 779 92
283 364 776
542 612 595
450 816 507
103 194 479
170 331 954
638 859 378
489 669 204
172 938 425
203 685 946
231 481 724
573 866 439
407 701 51
297 574 852
28 156 397
635 711 566
348 941 776
16 319 264
305 523 787
300 507 823
599 987 54
675 912 271
115 964 677
518 612 602
370 768 629
402 767 691
333 695 38
13 109 53
725 888 357
539 865 215
489 688 554
94 164 465
365 630 780
147 394 392
516 996 511
634 978 264
669 966 958
426 708 323
113 502 562
366 823 452
38 54 941
499 944 104
409 864 733
257 542 231
253 934 746
582 797 731
61 250 48
20 309 473
422 695 326
257 596 692
709 985 97
650 929 595
106 689 810
191 230 67
163 422 671
311 520 252
251 372 501
651 743 162
437 476 583
693 803 530
753 847 514
755 944 794
860 891 483
51 702 712
121 824 227
344 792 537
396 946 908
249 597 2
72 411 438
226 994 482
72 876 235
15 743 989
258 537 200
20 959 602
79 85 426
222 312 121
201 617 418
462 865 14
276 464 438
621 903 663
385 849 735
591 972 101
127 313 358
147 514 668
116 583 98
15 672 93
288 434 906
505 800 370
132 590 272
104 606 8
693 952 332
794 894 644
21 505 157
173 519 625
101 624 518
295 346 885
791 935 670
698 791 469
68 922 411
377 692 16
52 681 708
384 574 853
29 946 357
464 538 882
163 916 505
261 682 151
52 567 85
58 228 815
149 821 506
837 878 909
558 897 293
131 751 673
77 460 210
342 892 373
199 808 406
68 703 324
140 471 560
219 368 969
386 516 790
244 745 978
154 302 227
447 785 977
213 472 436
104 682 130
263 407 680
683 813 382
137 153 522
49 724 889
109 371 756
161 353 501
491 858 154
656 718 938
47 127 150
808 836 606
215 966 868
379 646 550
381 516 55
903 916 778
144 286 886
798 900 590
289 753 799
358 908 454
405 846 932
240 349 740
557 955 306
175 554 684
78 934 551
133 188 819
331 911 104
149 583 902
92 335 542
594 891 899
698 792 303
140 630 894
446 722 450
380 620 4
417 697 937
181 320 125
91 139 807
244 592 389
498 683 76
40 925 669
291 974 460
947 956 951
677 841 396
292 409 368
296 825 416
144 585 597
283 710 39
870 878 630
259 375 664
687 766 941
56 709 914
2 521 869
473 843 898
221 486 306
589 781 130
358 365 625
427 955 907
296 346 136
329 906 510
593 993 275
301 934 331
201 821 684
70 645 878
320 866 363
626 806 495
108 163 860
469 734 638
815 993 933
130 143 190
487 640 782
268 773 434
951 973 607
394 987 251
714 866 468
229 691 274
77 799 788
289 884 257
228 927 423
402 918 348
185 404 967
176 971 917
500 578 903
182 246 120
311 650 701
1 924 777
65 151 65
34 322 991
97 262 202
14 970 603
670 769 139
297 637 110
554 796 39
41 810 220
703 930 870
631 704 145
206 760 209
240 825 882
168 853 978
174 370 991
326 844 760
465 480 56
386 575 203
547 967 596
187 828 298
57 811 353
555 570 559
395 764 150
562 647 354
284 625 527
609 969 370
81 425 202
352 489 939
318 692 837
504 640 664
291 913 474
467 644 396
203 230 142
705 876 55
59 853 338
587 821 298
253 309 723
741 863 74
154 784 391
424 991 894
8 66 806
709 834 624
230 264 854
372 968 81
27 428 933
118 965 105
417 625 357
140 488 449
566 641 233
957 984 8
203 991 73
362 824 133
406 986 396
129 192 716
274 908 94
26 559 58
665 794 682
374 933 521
176 498 514
409 806 497
360 769 839
721 842 14
707 975 771
724 898 900
440 523 807
82 534 184
98 944 977
823 978 261
500 998 110
366 406 267
215 526 627
367 406 347
420 694 405
192 417 655
444 856 177
603 741 610
140 684 707
13 117 882
512 731 879
193 229 637
443 461 162
88 848 529
193 223 162
200 991 957
198 729 559
340 938 698
399 973 167
281 985 897
161 849 89
77 150 901
312 872 988
71 193 775
42 767 319
204 757 518
161 954 246
73 891 937
123 215 336
200 290 968
48 539 480
476 981 629
347 882 941
223 770 133
811 998 252
15 317 8
187 527 314
433 951 556
74 371 771
59 715 970
27 606 369
586 860 844
489 819 543
41 782 312
38 268 122
520 706 488
528 892 367
194 677 317
399 751 742
457 522 809
492 835 414
213 694 351
57 535 169
316 600 210
583 912 599
35 102 657
875 982 548
242 527 576
277 912 974
654 798 782
641 815 969
229 853 662
262 580 548
102 861 864
125 312 798
263 511 252
385 920 585
627 821 111
397 538 388
543 724 537
358 506 178
475 938 382
490 870 643
38 971 856
254 634 980
53 896 490
168 305 874
242 988 852
353 736 741
459 741 636
279 317 993
791 809 282
191 632 151
22 187 121
43 275 754
23 679 2
335 865 169
91 576 508
929 944 595
21 37 54
299 673 370
18 107 512
301 650 144
452 836 165
230 574 791
604 680 822
34 468 156
555 910 84
63 853 364
242 659 384
65 914 35
435 932 493
232 299 494
35 443 681
104 911 639
514 926 24
333 434 579
243 870 993
234 447 651
688 971 67